
TracePro Release: 7 3 4 
Irradiance Map Data for 

Linear Units in millimeters
Data for screen Surface 1
Data generated at 20:16:05 October 02, 2025

Raytrace Time: mins: 0, secs: 1

Projected Plane Extent from surface geometry 
      TopLeft:(-6.51043,0.867291,-3) 
      TopRight:(-2.81647,5.59536,-3)
      BottomLeft:(-6.51043,0.867291,3) 
      BottomRight:(-2.81647,5.59536,3)
Corners of Data Set (plotted) 
      TopLeft:(-6.51043,0.867291,-3) 
      TopRight:(-2.81647,5.59536,-3)
      BottomLeft:(-6.51043,0.867291,3) 
      BottomRight:(-2.81647,5.59536,3)
Total Absorbed Rays: 1000
Min: 0 Max: 1 Ave: 0.0750054
Total Flux: 630.143 W, Emitted Flux: 1000 W
Normalization: 2
Data Smoothing is Off
Grid Size is 50 x 50
Data Cells are 0.12 x 0.12 millimeters

0	0	0	0	0	0	0	0	0	0	0	0	0	0	0	0	0	0	0	0	0	0	0	0	0	0	0	0	0	0	0	0	0	0	0	0	0	0	0	0	0	0	0	0	0	0	0	0	0	0	
0	0	0	0	0	0	0	0	0	0	0	0	0	0	0	0	0	0	0	0	0	0	0	0	0	0	0	0	0	0	0	0	0	0	0	0	0	0	0	0	0	0	0	0	0	0	0	0	0	0	
0	0	0	0	0	0	0	0	0	0	0	0	0	0	0	0	0	0	0	0	0	0	0	0	0	0	0	0	0	0	0	0	0	0	0	0	0	0	0	0	0	0	0	0	0	0	0	0	0	0	
0	0	0	0	0	0	0	0	0	0	0	0	0	0	0	0	0	0	0	0	0	0	0	0	0	0	0	0	0	0	0	0	0	0	0	0	0	0	0	0	0	0	0	0	0	0	0	0	0	0	
0	0	0	0	0	0	0	0	0	0	0	0	0	0	0	0	0	0	0	0	0	0	0	0	0	0	0	0	0	0	0	0	0	0	0	0	0	0	0	0	0	0	0	0	0	0	0	0	0	0	
0	0	0	0	0	0	0	0	0	0	0	0	0	0	0	0	0	0	0	0	0	0	0	0	0	0	0	0	0	0	0	0	0	0	0	0	0	0	0	0	0	0	0	0	0	0	0	0	0	0	
0	0	0	0	0	0	0	0	0	0	0	0	0	0	0	0	0	0	0	0	0	0	0	0	0	0	0	0	0	0.199965	0	0.199969	0	0	0	0	0	0	0	0	0	0	0	0	0	0	0	0	0	0	
0	0	0	0	0	0	0	0	0	0	0	0	0	0	0	0	0	0	0	0	0	0	0	0	0	0	0.199971	0.399943	0	0	0.19998	0	0	0.399943	0	0	0.199968	0	0	0	0	0	0	0	0	0	0	0	0	0	
0	0	0	0	0	0	0	0	0	0	0	0	0	0	0	0	0	0	0	0	0	0	0.199973	0.399934	0	0	0.599921	0	0	0.19997	0	0	0.199983	0.199988	0.199981	0	0.199972	0.146331	0.0540089	0	0	0	0	0	0	0	0	0	0	0	
0	0	0	0	0	0	0	0	0	0	0	0	0	0	0	0	0	0	0	0	0	0.199968	0.399945	0.199978	0	0.79992	0	0.999937	0	0.199979	0	0	0	0.599951	0.199976	0	0.295147	0.0647576	0	0.0994504	0	0	0	0	0	0	0	0	0	0	
0	0	0	0	0	0	0	0	0	0	0	0	0	0	0	0	0	0	0	0	0	0.999855	0	0	0	0.599973	0	0	0	0	0	0	0	0.199996	0	0.199994	0.399978	0.116771	0.051936	0.0927951	0	0	0	0	0	0	0	0	0	0	
0	0	0	0	0	0	0	0	0	0	0	0	0	0	0	0	0	0	0.399931	0	0	0	0	0	0.199994	0	0.199989	0	0.200003	0	0.199999	0.39999	0.399993	0.599986	0	0.337101	0.293635	0.0900891	0.13747	0	0	0.0743398	0.0637359	0.0562579	0	0	0	0	0	0	
0	0	0	0	0	0	0	0	0	0	0	0	0	0	0	0	0	0	0.199966	0.19999	0.199975	0.199989	0	0.199997	0.199986	0	0.199995	0	0.400004	0.200004	0	0.599993	0.199992	0.400003	0.399992	0	0.137304	0.199713	0.0436875	0.159819	0.0418271	0	0.0331286	0	0	0	0	0	0	0	
0	0	0	0	0	0	0	0	0	0	0	0	0	0	0	0.199966	0	0.199985	0	0.799925	0.199982	0	0	0	0.399995	0.199999	0.2	0	0	0.200001	0	0	0.200006	0	0.200005	0	0.199999	0	0.167207	0.053292	0.0439332	0	0	0.0261061	0	0	0	0	0	0	
0	0	0	0	0	0	0	0	0	0	0	0	0	0	0	0	0.399958	0	0.199976	0.199992	0.199999	0	0	0	0.200002	0	0	0.200008	0.600018	0.200005	0	0.200007	0.400011	0.400014	0.117784	0	0.073976	0	0.0991639	0.0506667	0	0.030869	0	0	0.0275644	0.0232624	0	0	0	0	
0	0	0	0	0	0	0	0	0	0	0	0	0	0	0	0	0.399944	0.199981	0.399973	0	0	0	0.399999	0.2	0.200007	0	0.200008	0	0	0.400017	0.400022	0	0.200008	0.200007	0.200008	0	0.281249	0	0	0.153799	0	0	0	0.0276965	0	0	0	0	0	0	
0	0	0	0	0	0	0	0	0	0	0	0	0	0	0	0.199978	0.199984	0.399968	0	0.599986	0	0.400004	0.399997	0.200004	0	0.400017	0	0	0	0	0.200011	0.800036	0.200012	0.200009	0	0.20001	0.0948473	0.201242	0.0643756	0.0450172	0	0.0382816	0.0510934	0.0279345	0	0	0.019216	0	0	0	
0	0	0	0	0	0	0	0	0	0	0	0	0	0	0.399955	0	0	0.199988	0	0	0	0.200004	0.400014	0.400013	0.200007	0.400017	0.400022	0.200011	0	0.200012	0.200013	0.20001	0	0.20001	0.124007	0.200011	0	0.155671	0	0	0.0784869	0	0.0814887	0.0745584	0.0229299	0.0442725	0	0.0392536	0	0	
0	0	0	0	0	0	0	0	0	0	0	0	0	0	0.199974	0	0	0	0.400001	0.399998	0	0.200008	0.200007	0.200009	0.200011	0	0.200012	0.200013	0.200013	0	0.400025	0.400024	0.200013	0.200011	0	0.380377	0	0	0	0.0504984	0.113775	0.0609334	0	0.024511	0.0219909	0	0	0.0181921	0	0	
0	0	0	0	0	0	0	0	0	0	0	0	0	0.199967	0.599921	0	0.199997	0	0.200005	0.200005	0.400006	0.200007	0	0.200012	0	0.200012	0.400025	0.200013	0.200013	0	0	0	0	0.200012	0	0.400025	0.200013	0	0.0890975	0	0.0331297	0	0.0595981	0.0281658	0.0628189	0	0.0200074	0.0191254	0	0	
0	0	0	0	0	0	0	0	0	0	0	0	0	0	0	0.19998	0.199997	0.199993	0.199993	0	0	0.200008	0	0	0.200011	0	0.200012	0.200013	0	0.60004	0.400027	0.400028	0	0.60004	0.200013	0	0.145554	0	0	0.155416	0.0363328	0	0	0.0759613	0	0.0173446	0.0421929	0	0	0	
0	0	0	0	0	0	0	0	0	0	0	0	0.599904	0.199971	0.199975	0.199994	0	0	0	0.400004	0.400012	0.200008	0	0	0.200012	0	0.400027	0	0	0	0.200014	0	0.600041	0	0	0	0.415135	0.133905	0.0706381	0.0492576	0.0660608	0.0305469	0.0579566	0.0255509	0	0.0642202	0.0169442	0.0528746	0	0	
0	0	0	0	0	0	0	0	0	0	0	0.199973	0.199964	0	0.199991	0.199996	0.199992	0.199997	0.40001	0.200008	0	0	0.400023	0.400023	0	0.400027	0	0.200014	0.400028	0.400028	0.200014	0.400028	0.400028	0.600041	0	0.10748	0	0	0.0568126	0.0883208	0	0.0282552	0.0228262	0	0.0201987	0	0.0182424	0.018697	0	0	
0	0	0	0	0	0	0	0	0	0	0	0	0.199976	0	0.199988	0	0	0	0.400009	0	0	0	0.800044	0.600037	0	0	0	0	0.200014	0.200014	0.400028	0	0.400028	0.600042	0.400028	0	0.154971	0	0	0.0803792	0.209412	0	0.0309729	0.0278675	0.0205838	0.0190735	0	0.017461	0.0497593	0	
0	0	0	0	0	0	0	0	0	0	0	0	0	0	0.199986	0.399975	0	0	0	0.200007	0.400018	0	0.40002	0.400026	0	0	0	0.200014	0.200014	0.200014	0.200014	0.400029	0.600042	0.200014	0.137318	0	0	0.0635718	0	0.0520083	0.154109	0	0	0	0.0241828	0.0186203	0.0213306	0.0362028	0.0172308	0.0157543	
0	0	0	0	0	0	0	0	0	0	0	0	0	0.19998	0.199991	0	0.399991	0.19999	0	0.200002	0.200008	0.200007	0	0	0.200013	0	0.600042	0.400028	0.200014	0.200014	0	0.400028	0.200014	0	0	0	0.200014	0.196716	0	0.0516871	0.0305593	0.0278249	0.0565377	0.0781351	0.0277001	0.0200808	0.0372954	0.0181284	0	0	
0	0	0	0	0	0	0	0	0	0	0	0	0.199971	0	0.19998	0.199995	0	0	0.400002	0.400011	0.200008	0.200009	0.20001	0.200012	0.800047	0	0	0.200014	0.400028	0.200014	0.200014	0	0.400028	0.200014	0.200014	0	0.101537	0	0.0514274	0	0	0	0.0577622	0	0	0.0402787	0.016424	0.0164712	0	0	
0	0	0	0	0	0	0	0	0	0	0	0	0	0	0	0.199995	0.399984	0.200004	0	0.200007	0.200008	0.400018	0.20001	0.200011	0	0	0.60004	0.200014	0.600042	0.400028	0	0.200014	0	0	0.200014	0.331586	0.21048	0.0847244	0.0439224	0.059969	0.0776076	0.0952014	0.0230811	0	0	0	0	0	0	0	
0	0	0	0	0	0	0	0	0	0	0	0.399935	0	0.19998	0	0.599965	0.199997	0.399988	0	0.200006	0	0	0.200011	0.20001	0.200013	0	0.600039	0.200014	0.200013	0.800055	0.600041	0.200014	0.200014	0.200014	0	0.284253	0	0	0.0475852	0	0	0	0.0841793	0.0236654	0	0	0.0218736	0.0166023	0.0158274	0	
0	0	0	0	0	0	0	0	0	0	0	0	0.199965	0	0	0.39996	0.399979	0.199994	0.200004	0.200003	0.400018	0.400015	0.200011	0.40002	0.20001	0	0.400026	0.200013	0.400028	0	0.200014	0	0.200013	0.400025	0.200013	0.200013	0.0625806	0	0.0496874	0.0411114	0.109601	0.0382644	0	0.0271777	0	0.0381514	0.0186433	0.0334612	0	0	
0	0	0	0	0	0	0	0	0	0	0	0	0	0.19997	0	0	0.199995	0.199992	1	0.800011	0.200006	0.200007	0	0.600029	0	0.400021	0.600037	0.200013	0.200013	0	0	0.200013	0	0.200012	0	0.200011	0.0921644	0.0914499	0	0.0899949	0.0636584	0	0.0346707	0.0786327	0.0205784	0.0636018	0.0182656	0.0192821	0	0	
0	0	0	0	0	0	0	0	0	0	0	0	0	0	0.199982	0.399967	0.199988	0.399982	0.200001	0.200004	0.200003	0	0	0.400014	0	0.400021	0.400023	0	0.200013	0.400025	0	0	0	0	0	0	0.475044	0	0.0513987	0.0794723	0	0.029521	0	0.106492	0.0234673	0.0217541	0.0190098	0	0	0	
0	0	0	0	0	0	0	0	0	0	0	0	0	0	0	0.399948	0.19998	0	0.199996	0	0	0	0	0.200008	0.20001	0	0.200009	0	0.600034	0.200011	0.200013	0	0.200011	0.200012	0	0	0.0972287	0.0842633	0.135297	0.0626769	0	0	0.0355677	0.07864	0	0.0424501	0.020067	0	0	0	
0	0	0	0	0	0	0	0	0	0	0	0	0	0.199975	0	0	0.199974	0.19999	0.199991	0.799975	0	0	0.600014	0.200006	0.400015	0	0.200008	0.200008	0	0	0.200008	0.400024	0.400018	0.200009	0.145674	0.400019	0.146562	0.0597441	0.0611907	0.0762285	0.0351706	0.102994	0	0.0223868	0.0224888	0.0244795	0	0	0	0	
0	0	0	0	0	0	0	0	0	0	0	0	0	0	0	0	0	0.199991	0.199989	0.399992	0.2	0.399993	0.399999	0	0	0	0.200006	0.200004	0.400019	0.400017	0	0	0.400018	0.400011	0.373208	0.374296	0	0	0	0	0.0458586	0.0401911	0	0.0253973	0.149973	0	0	0	0	0	
0	0	0	0	0	0	0	0	0	0	0	0	0	0	0	0.399947	0	0.399955	0.399965	0	0.199984	0	0	0.40001	0	0.400006	0	0.400012	0	0.200007	0.400014	0	0	0	0	0.200008	0.194229	0.0517146	0.0657564	0	0	0	0	0	0.0251761	0	0	0	0	0	
0	0	0	0	0	0	0	0	0	0	0	0	0	0	0	0	0.199974	0.199965	0.199978	0.399956	0.399979	0	0	0	0	0.200001	0.2	0.400008	0	0.200003	0.200008	0	0.399999	0.200005	0.399998	0.200001	0.25926	0	0.0618451	0	0.0440906	0.109931	0	0.0282	0	0	0	0	0	0	
0	0	0	0	0	0	0	0	0	0	0	0	0	0	0	0	0.199968	0	0.399945	0	0.19997	0	0.199988	0	0	0	0.599984	0	0	0.199997	0.200004	0	0.200001	0.399998	0	0.0796694	0.152066	0	0.119636	0	0.0885876	0.0797013	0	0	0.0295997	0	0	0	0	0	
0	0	0	0	0	0	0	0	0	0	0	0	0	0	0	0	0	0	0	0	0	0	0.199989	0.199992	0.199986	0.399987	0	0	0	0	0.199993	0.399991	0	0.399978	0.399974	0.166883	0.0945412	0	0.068332	0	0.143948	0	0.0674171	0.0302593	0	0	0	0	0	0	
0	0	0	0	0	0	0	0	0	0	0	0	0	0	0	0	0	0	0	0	0.199981	0.199974	0	0.199987	0	0	0	0	0.399971	0.199986	0.199991	0	0.599955	0	0	0	0.277559	0	0.0633029	0.0463866	0.0347526	0	0	0	0	0	0	0	0	0	
0	0	0	0	0	0	0	0	0	0	0	0	0	0	0	0	0	0	0	0	0	0	0.199972	0.399941	0.199979	0.399956	0.199977	0.199977	0.39997	0	0.199993	0.399962	0.199986	0.399983	0	0.443925	0.399968	0.0670857	0.0791523	0	0	0	0	0	0	0	0	0	0	0	
0	0	0	0	0	0	0	0	0	0	0	0	0	0	0	0	0	0	0	0	0	0	0	0	0.199975	0	0	0	0	0.399966	0.199976	0.399967	0	0.399957	0	0.529475	0	0.0583716	0.126298	0	0	0	0	0	0	0	0	0	0	0	
0	0	0	0	0	0	0	0	0	0	0	0	0	0	0	0	0	0	0	0	0	0	0	0.199966	0	0	0.19998	0.199974	0	0	0	0.199967	0	0.399948	0	0	0	0	0	0	0	0	0	0	0	0	0	0	0	0	
0	0	0	0	0	0	0	0	0	0	0	0	0	0	0	0	0	0	0	0	0	0	0	0	0	0	0	0	0.199972	0	0	0	0	0	0	0	0	0	0	0	0	0	0	0	0	0	0	0	0	0	
0	0	0	0	0	0	0	0	0	0	0	0	0	0	0	0	0	0	0	0	0	0	0	0	0	0	0	0	0	0.199964	0	0	0	0	0	0	0	0	0	0	0	0	0	0	0	0	0	0	0	0	
0	0	0	0	0	0	0	0	0	0	0	0	0	0	0	0	0	0	0	0	0	0	0	0	0	0	0	0	0	0	0	0	0	0	0	0	0	0	0	0	0	0	0	0	0	0	0	0	0	0	
0	0	0	0	0	0	0	0	0	0	0	0	0	0	0	0	0	0	0	0	0	0	0	0	0	0	0	0	0	0	0	0	0	0	0	0	0	0	0	0	0	0	0	0	0	0	0	0	0	0	
0	0	0	0	0	0	0	0	0	0	0	0	0	0	0	0	0	0	0	0	0	0	0	0	0	0	0	0	0	0	0	0	0	0	0	0	0	0	0	0	0	0	0	0	0	0	0	0	0	0	
0	0	0	0	0	0	0	0	0	0	0	0	0	0	0	0	0	0	0	0	0	0	0	0	0	0	0	0	0	0	0	0	0	0	0	0	0	0	0	0	0	0	0	0	0	0	0	0	0	0	
0	0	0	0	0	0	0	0	0	0	0	0	0	0	0	0	0	0	0	0	0	0	0	0	0	0	0	0	0	0	0	0	0	0	0	0	0	0	0	0	0	0	0	0	0	0	0	0	0	0	
